{
 "cells": [
  {
   "cell_type": "code",
   "execution_count": 58,
   "metadata": {},
   "outputs": [],
   "source": [
    "import numpy as np\n",
    "import cv2\n",
    "import os\n",
    "import matplotlib.pyplot as plt\n",
    "from scipy.spatial.transform import Rotation as R\n",
    "\n",
    "\n",
    "def cam_calib(w, h, square_size, criteria, path,outpath):\n",
    "    \"\"\"\n",
    "    说明：用来获得相机内参\n",
    "    参数：\n",
    "    w,h 棋盘格内角点个数\n",
    "    square_size:棋盘格尺寸\n",
    "    criteria：检测角点准则\n",
    "    path：检测图像路径\n",
    "\n",
    "    \"\"\"\n",
    "    list_path = os.listdir(path)\n",
    "\n",
    "    # 准备棋盘格的世界坐标点\n",
    "    objp = np.zeros((w * h, 3), np.float32)\n",
    "    objp[:, :2] = np.mgrid[0:w, 0:h].T.reshape(-1, 2)\n",
    "    objp *= square_size\n",
    "\n",
    "    grays = []\n",
    "    objpoints = []  # 世界坐标点\n",
    "    imgpoints = []  # 图像像素点\n",
    "\n",
    "    # 遍历图像并检测棋盘角点\n",
    "    for file in list_path:\n",
    "        file_name = os.path.join(path, file)\n",
    "        img = cv2.imread(file_name)\n",
    "        scale = 0.5  # 50%缩小\n",
    "        img_resize = cv2.resize(\n",
    "            img, (int(img.shape[1] * scale), int(img.shape[0] * scale)))\n",
    "\n",
    "        gray = cv2.cvtColor(img_resize, cv2.COLOR_BGR2GRAY)\n",
    "        # gray_resize = cv2.resize(gray, (int(gray.shape[1] * scale), int(gray.shape[0] * scale)))\n",
    "        print('image pixel', gray.shape[::-1])\n",
    "        grays.append(gray)\n",
    "\n",
    "        ret, corners = cv2.findChessboardCorners(gray, (w, h), None)\n",
    "        print(f\"Chessboard found in {file}: {ret}\")\n",
    "\n",
    "        if ret:\n",
    "            objpoints.append(objp)\n",
    "            corners2 = cv2.cornerSubPix(gray, corners, (11, 11), (-1, -1),\n",
    "                                        criteria)\n",
    "            imgpoints.append(corners2)\n",
    "            \n",
    "            \n",
    "            # 可视化检测到的角点（用 matplotlib 替代 OpenCV）\n",
    "            img_with_corners = img_resize.copy()\n",
    "            cv2.drawChessboardCorners(img_with_corners, (w, h), corners2, ret)\n",
    "            cv2.imwrite(f'{outpath}\\\\{file}', img_with_corners)\n",
    "            #使用 matplotlib 显示\n",
    "            # plt.figure(figsize=(8, 6))\n",
    "            # plt.imshow(cv2.cvtColor(img_with_corners, cv2.COLOR_BGR2RGB))  # 转换为 RGB 格式\n",
    "            # plt.scatter(corners2[:, 0, 0], corners2[:, 0, 1], marker='o', c='red', s=10, label=\"Detected Corners\")  # `s`控制点大小\n",
    "            # plt.title(f\"Detected Corners: {file}\")\n",
    "            # plt.rcParams['lines.linewidth'] = 2  # 设置线条宽度\n",
    "            # plt.axis(\"off\")  # 隐藏坐标轴\n",
    "            # plt.show()\n",
    "\n",
    "\n",
    "    # 相机标定\n",
    "    print(\"\\nStarting camera calibration...\")\n",
    "    # ret, camera_matrix, distortion_coeffs, rvecs, tvecs = cv2.calibrateCamera(\n",
    "    #     objpoints, imgpoints, grays[0].shape[::-1], None, None\n",
    "    # )\n",
    "    ret, camera_matrix, distortion_coeffs, rvecs, tvecs = cv2.calibrateCamera(\n",
    "        objpoints,\n",
    "        imgpoints,\n",
    "        grays[0].shape[::-1],\n",
    "        None,\n",
    "        None,\n",
    "        flags=cv2.CALIB_RATIONAL_MODEL | cv2.CALIB_FIX_K3 | cv2.CALIB_FIX_K4\n",
    "        | cv2.CALIB_FIX_K5)\n",
    "\n",
    "    # 计算重投影误差\n",
    "    mean_error = 0\n",
    "    for i in range(len(objpoints)):\n",
    "        imgpoints2, _ = cv2.projectPoints(objpoints[i], rvecs[i], tvecs[i],\n",
    "                                          camera_matrix, distortion_coeffs)\n",
    "        error = cv2.norm(imgpoints[i].squeeze(), imgpoints2.squeeze(),\n",
    "                         cv2.NORM_L2) / len(imgpoints2)\n",
    "        mean_error += error\n",
    "\n",
    "    print(\"\\n总平均误差 (Mean Reprojection Error):\", mean_error / len(objpoints))\n",
    "\n",
    "    new_camera_matrix = camera_matrix.copy()\n",
    "    new_camera_matrix[0, 0] /= scale  # fx\n",
    "    new_camera_matrix[1, 1] /= scale  # fy\n",
    "    new_camera_matrix[0, 2] /= scale  # cx\n",
    "    new_camera_matrix[1, 2] /= scale  # cy\n",
    "    # 打印结果\n",
    "    print(\"相机矩阵 (Camera Matrix):\\n\", new_camera_matrix)\n",
    "    print(\"\\n畸变系数 (Distortion Coefficients):\\n\", distortion_coeffs)\n",
    "    # 保存标定结果\n",
    "    np.savez(\"calibration_result.npz\",\n",
    "             camera_matrix=new_camera_matrix,\n",
    "             distortion_coeffs=distortion_coeffs,\n",
    "             rvecs=rvecs,\n",
    "             tvecs=tvecs)\n",
    "    for file in list_path:\n",
    "        file_name = os.path.join(path, file)\n",
    "        img = cv2.imread(file_name)\n",
    "        \n",
    "    return new_camera_matrix, distortion_coeffs"
   ]
  },
  {
   "cell_type": "code",
   "execution_count": 80,
   "metadata": {},
   "outputs": [],
   "source": [
    "import numpy as np\n",
    "import cv2\n",
    "import os\n",
    "\n",
    "def corner_pixel_extract(file,file_name,output_path):\n",
    "    \"\"\"检测样品的四个角点，并返回角点的像素坐标\"\"\"\n",
    "    points = []\n",
    "    img = cv2.imread(file_name)  \n",
    "    # 转为灰度图\n",
    "    gray = cv2.cvtColor(img, cv2.COLOR_BGR2GRAY)\n",
    "    # 应用高斯模糊（减少噪声）\n",
    "    blurred = cv2.GaussianBlur(gray, (5, 5), 0)\n",
    "    # 二值化处理\n",
    "    retval, threshold_img = cv2.threshold(blurred, 35, 255, cv2.THRESH_BINARY)\n",
    "    # 形态学操作，去除小噪点\n",
    "    kernel = np.ones((5, 5), np.uint8)\n",
    "    thresh = cv2.morphologyEx(threshold_img, cv2.MORPH_CLOSE, kernel)\n",
    "    # 轮廓检测\n",
    "    contours, hierarchy = cv2.findContours(thresh, cv2.RETR_EXTERNAL, cv2.CHAIN_APPROX_SIMPLE)\n",
    "\n",
    "    for contour in contours:\n",
    "        peri = cv2.arcLength(contour, True)  # 计算轮廓周长\n",
    "        # print(peri)\n",
    "        if peri> 100:\n",
    "            approx = cv2.approxPolyDP(contour, 0.02 * peri, True)  # 轮廓逼近\n",
    "\n",
    "            if len(approx) == 4:  # 只保留四边形\n",
    "                print(\"检测到四边形，顶点坐标：\")\n",
    "                \n",
    "                \n",
    "                for point in approx:\n",
    "                    x, y = point[0]\n",
    "                    points.append([x, y])\n",
    "                    print(f\"({x}, {y})\")\n",
    "                    cv2.circle(img, (x, y), 5, (0, 0, 255), -1)  # 标记四边形顶点（红色）\n",
    "                cv2.drawContours(img, [approx], -1, (0, 255, 0), 3)  # 绿色绘制四边形\n",
    "            # 保存检测结果\n",
    "    \n",
    "                cv2.imwrite(f'{output_path}\\\\{file}', img)\n",
    "\n",
    "                print(f\"处理完成，结果已保存: {output_path}\")\n",
    "    return points"
   ]
  },
  {
   "cell_type": "code",
   "execution_count": 69,
   "metadata": {},
   "outputs": [],
   "source": [
    "def object_points_calculate(T_ref, T_pose, point_board):\n",
    "    \"\"\"\n",
    "    说明：计算某一位姿下棋盘格点在参考坐标系下的3d坐标\n",
    "    T_ref:参考坐标系相对于base的变换矩阵\n",
    "    T_pose该位姿下tcp相对于base的变换矩阵\n",
    "    point_board：棋盘格点在tcp坐标系里的坐标\n",
    "    \"\"\"\n",
    "    # 将3D点转换为齐次坐标\n",
    "    origin_points_h = np.hstack(\n",
    "        [point_board, np.ones((point_board.shape[0], 1))])\n",
    "    # 使用矩阵乘法进行坐标变换\n",
    "    #去掉齐次坐标中的最后一列，转换回普通的3D坐标\n",
    "    object_points_base_inv = np.dot(T_pose, origin_points_h.T)\n",
    "    object_points_o1 = np.dot(np.linalg.inv(T_ref), object_points_base_inv).T\n",
    "    return object_points_o1[:, :3]\n",
    "\n",
    "\n",
    "def kuka_to_transformation(pose):\n",
    "    \"\"\"将 KUKA 的点位信息转换为 4x4 变换矩阵\"\"\"\n",
    "    # 平移向量\n",
    "    t = np.array([pose[0], pose[1], pose[2]])\n",
    "\n",
    "    # 计算旋转矩阵（ZYX顺序）\n",
    "    rotation = R.from_euler('ZYX', [pose[3], pose[4], pose[5]],\n",
    "                            degrees=True)  # KUKA的ABC通常以度为单位\n",
    "    R_matrix = rotation.as_matrix()\n",
    "    # print(R_matrix)\n",
    "\n",
    "    # 构造4x4变换矩阵\n",
    "    T = np.eye(4)\n",
    "    T[:3, :3] = R_matrix\n",
    "    T[:3, 3] = t\n",
    "    # print('T', T)\n",
    "    return T\n",
    "\n",
    "def cam_solve( object_points, image_points, camera_matrix,\n",
    "              distortion_coeffs):\n",
    "    \"\"\"调用pnp函数，返回rvec,tvec\"\"\"\n",
    "    _, rvec, tvec, inliners = cv2.solvePnPRansac(object_points,\n",
    "                                                 image_points.squeeze(),\n",
    "                                                 camera_matrix,\n",
    "                                                 distortion_coeffs,\n",
    "                                                 reprojectionError=8.0,\n",
    "                                                 confidence=0.99,\n",
    "                                                 iterationsCount=150)\n",
    "    if not _:\n",
    "        print(\"PnP 求解失败\")\n",
    "    else:\n",
    "        return rvec, tvec"
   ]
  },
  {
   "cell_type": "code",
   "execution_count": 61,
   "metadata": {},
   "outputs": [],
   "source": [
    "class Points_pairs:\n",
    "    \"\"\"定义对象，储存2d-3d点对及其编号\"\"\"\n",
    "    def __init__(self, obj_id, pixel_corners,world_coordinates=None):\n",
    "        self.id = obj_id\n",
    "        self.pixel_corners = pixel_corners\n",
    "        self.world_coordinates = world_coordinates\n",
    "\n",
    "    def __str__(self):\n",
    "        return f\"Object {self.id}: Pixel Corners={self.pixel_corners}, World Coordinates={self.world_coordinates}\""
   ]
  },
  {
   "cell_type": "code",
   "execution_count": 82,
   "metadata": {},
   "outputs": [
    {
     "name": "stdout",
     "output_type": "stream",
     "text": [
      "检测到四边形，顶点坐标：\n",
      "(3707, 1820)\n",
      "(2652, 2063)\n",
      "(3006, 3081)\n",
      "(4045, 2884)\n",
      "处理完成，结果已保存: D:\\labAAA\\printingLight\\process\\camera_set\\test250313\\pixels\n",
      "检测到四边形，顶点坐标：\n",
      "(3011, 1810)\n",
      "(2014, 2067)\n",
      "(2380, 3083)\n",
      "(3384, 2887)\n",
      "处理完成，结果已保存: D:\\labAAA\\printingLight\\process\\camera_set\\test250313\\pixels\n",
      "检测到四边形，顶点坐标：\n",
      "(3009, 1476)\n",
      "(2013, 1749)\n",
      "(2378, 2770)\n",
      "(3382, 2560)\n",
      "处理完成，结果已保存: D:\\labAAA\\printingLight\\process\\camera_set\\test250313\\pixels\n",
      "检测到四边形，顶点坐标：\n",
      "(3006, 1142)\n",
      "(2011, 1428)\n",
      "(2377, 2459)\n",
      "(3383, 2242)\n",
      "处理完成，结果已保存: D:\\labAAA\\printingLight\\process\\camera_set\\test250313\\pixels\n",
      "检测到四边形，顶点坐标：\n",
      "(3002, 808)\n",
      "(2007, 1111)\n",
      "(2373, 2148)\n",
      "(3380, 1916)\n",
      "处理完成，结果已保存: D:\\labAAA\\printingLight\\process\\camera_set\\test250313\\pixels\n",
      "检测到四边形，顶点坐标：\n",
      "(3002, 472)\n",
      "(2007, 790)\n",
      "(2372, 1835)\n",
      "(3379, 1587)\n",
      "处理完成，结果已保存: D:\\labAAA\\printingLight\\process\\camera_set\\test250313\\pixels\n",
      "检测到四边形，顶点坐标：\n",
      "(2666, 475)\n",
      "(1690, 793)\n",
      "(2060, 1838)\n",
      "(3052, 1589)\n",
      "处理完成，结果已保存: D:\\labAAA\\printingLight\\process\\camera_set\\test250313\\pixels\n",
      "检测到四边形，顶点坐标：\n",
      "(2670, 810)\n",
      "(1692, 1111)\n",
      "(2064, 2150)\n",
      "(3055, 1919)\n",
      "处理完成，结果已保存: D:\\labAAA\\printingLight\\process\\camera_set\\test250313\\pixels\n",
      "检测到四边形，顶点坐标：\n",
      "(2673, 1145)\n",
      "(1695, 1430)\n",
      "(2065, 2461)\n",
      "(3057, 2246)\n",
      "处理完成，结果已保存: D:\\labAAA\\printingLight\\process\\camera_set\\test250313\\pixels\n",
      "检测到四边形，顶点坐标：\n",
      "(2671, 1477)\n",
      "(1692, 1751)\n",
      "(2063, 2771)\n",
      "(3056, 2571)\n",
      "处理完成，结果已保存: D:\\labAAA\\printingLight\\process\\camera_set\\test250313\\pixels\n",
      "检测到四边形，顶点坐标：\n",
      "(3703, 1483)\n",
      "(2648, 1743)\n",
      "(3002, 2766)\n",
      "(4041, 2553)\n",
      "处理完成，结果已保存: D:\\labAAA\\printingLight\\process\\camera_set\\test250313\\pixels\n",
      "检测到四边形，顶点坐标：\n",
      "(3702, 1149)\n",
      "(2647, 1424)\n",
      "(3000, 2454)\n",
      "(4038, 2227)\n",
      "处理完成，结果已保存: D:\\labAAA\\printingLight\\process\\camera_set\\test250313\\pixels\n",
      "检测到四边形，顶点坐标：\n",
      "(3700, 817)\n",
      "(2646, 1109)\n",
      "(2998, 2145)\n",
      "(4037, 1903)\n",
      "处理完成，结果已保存: D:\\labAAA\\printingLight\\process\\camera_set\\test250313\\pixels\n",
      "检测到四边形，顶点坐标：\n",
      "(3697, 479)\n",
      "(2643, 789)\n",
      "(2995, 1831)\n",
      "(4034, 1574)\n",
      "处理完成，结果已保存: D:\\labAAA\\printingLight\\process\\camera_set\\test250313\\pixels\n",
      "检测到四边形，顶点坐标：\n",
      "(3338, 471)\n",
      "(2324, 792)\n",
      "(2685, 1835)\n",
      "(3705, 1577)\n",
      "处理完成，结果已保存: D:\\labAAA\\printingLight\\process\\camera_set\\test250313\\pixels\n",
      "检测到四边形，顶点坐标：\n",
      "(3341, 806)\n",
      "(2327, 1109)\n",
      "(2687, 2146)\n",
      "(3711, 1914)\n",
      "处理完成，结果已保存: D:\\labAAA\\printingLight\\process\\camera_set\\test250313\\pixels\n",
      "检测到四边形，顶点坐标：\n",
      "(3343, 1141)\n",
      "(2329, 1429)\n",
      "(2689, 2458)\n",
      "(3709, 2232)\n",
      "处理完成，结果已保存: D:\\labAAA\\printingLight\\process\\camera_set\\test250313\\pixels\n",
      "检测到四边形，顶点坐标：\n",
      "(3344, 1474)\n",
      "(2331, 1747)\n",
      "(2691, 2769)\n",
      "(3712, 2557)\n",
      "处理完成，结果已保存: D:\\labAAA\\printingLight\\process\\camera_set\\test250313\\pixels\n",
      "检测到四边形，顶点坐标：\n",
      "(3347, 1808)\n",
      "(2332, 2064)\n",
      "(2693, 3081)\n",
      "(3714, 2885)\n",
      "处理完成，结果已保存: D:\\labAAA\\printingLight\\process\\camera_set\\test250313\\pixels\n"
     ]
    }
   ],
   "source": [
    "path = 'D:\\\\labAAA\\\\printingLight\\\\process\\\\camera_set\\\\test250313\\\\camsolveImages'\n",
    "list_path = os.listdir(path)\n",
    "output_path = 'D:\\\\labAAA\\\\printingLight\\\\process\\\\camera_set\\\\test250313\\\\pixels'\n",
    "pixel_object_pair = []\n",
    "\n",
    "for file in list_path:\n",
    "    file_name = os.path.join(path, file)\n",
    "    corners = corner_pixel_extract(file,file_name,output_path)\n",
    "    if corners:\n",
    "        pair_obj = Points_pairs(list_path.index(file),corners)\n",
    "        pixel_object_pair.append(pair_obj)\n"
   ]
  },
  {
   "cell_type": "code",
   "execution_count": 88,
   "metadata": {},
   "outputs": [],
   "source": [
    "pose_list = [[-222.992, -1884.805, 1400, 32.616, 12.209, 70.802],\n",
    "[-222.992, -1884.805, 1450, 32.616, 12.209, 70.802],\n",
    "[-222.992, -1884.805, 1500, 32.616, 12.209, 70.802],\n",
    "[-222.992, -1884.805, 1550, 32.616, 12.209, 70.802],\n",
    "[-222.992, -1884.805, 1600, 32.616, 12.209, 70.802],\n",
    "[-196.496, -1842.402, 1600, 32.616, 12.209, 70.802],\n",
    "[-196.496, -1842.402, 1550, 32.616, 12.209, 70.802], \n",
    "[-196.496, -1842.402, 1500, 32.616, 12.209, 70.802], \n",
    "[-196.496, -1842.402, 1450, 32.616, 12.209, 70.802], \n",
    "[-196.496, -1842.402, 1400, 32.616, 12.209, 70.802], \n",
    "[-170, -1800, 1400, 32.616, 12.209, 70.802], \n",
    "[-170, -1800, 1450, 32.616, 12.209, 70.802], \n",
    "[-170, -1800, 1500, 32.616, 12.209, 70.802], \n",
    "[-170, -1800, 1550, 32.616, 12.209, 70.802], \n",
    "[-170, -1800, 1600, 32.616, 12.209, 70.802], \n",
    "[-143.504, -1757.598, 1600, 32.616, 12.209, 70.802], \n",
    "[-143.504, -1757.598, 1550, 32.616, 12.209, 70.802], \n",
    "[-143.504, -1757.598, 1500, 32.616, 12.209, 70.802], \n",
    "[-143.504, -1757.598, 1450, 32.616, 12.209, 70.802], \n",
    "[-143.504, -1757.598, 1400, 32.616, 12.209, 70.802], \n",
    "]\n",
    "\n",
    "\n"
   ]
  },
  {
   "cell_type": "code",
   "execution_count": 65,
   "metadata": {},
   "outputs": [
    {
     "name": "stdout",
     "output_type": "stream",
     "text": [
      "image pixel (2736, 1824)\n",
      "Chessboard found in IMG_6575.JPG: True\n",
      "image pixel (2736, 1824)\n",
      "Chessboard found in IMG_6576.JPG: True\n",
      "image pixel (2736, 1824)\n",
      "Chessboard found in IMG_6577.JPG: True\n",
      "image pixel (2736, 1824)\n",
      "Chessboard found in IMG_6578.JPG: True\n",
      "image pixel (2736, 1824)\n",
      "Chessboard found in IMG_6579.JPG: True\n",
      "image pixel (2736, 1824)\n",
      "Chessboard found in IMG_6580.JPG: True\n",
      "image pixel (2736, 1824)\n",
      "Chessboard found in IMG_6581.JPG: True\n",
      "image pixel (2736, 1824)\n",
      "Chessboard found in IMG_6582.JPG: True\n",
      "image pixel (2736, 1824)\n",
      "Chessboard found in IMG_6583.JPG: True\n",
      "image pixel (2736, 1824)\n",
      "Chessboard found in IMG_6584.JPG: True\n",
      "image pixel (2736, 1824)\n",
      "Chessboard found in IMG_6585.JPG: True\n",
      "image pixel (2736, 1824)\n",
      "Chessboard found in IMG_6586.JPG: True\n",
      "image pixel (2736, 1824)\n",
      "Chessboard found in IMG_6587.JPG: True\n",
      "image pixel (2736, 1824)\n",
      "Chessboard found in IMG_6588.JPG: True\n",
      "image pixel (2736, 1824)\n",
      "Chessboard found in IMG_6589.JPG: True\n",
      "\n",
      "Starting camera calibration...\n",
      "\n",
      "总平均误差 (Mean Reprojection Error): 0.032007304623655246\n",
      "相机矩阵 (Camera Matrix):\n",
      " [[1.01403708e+04 0.00000000e+00 2.49835741e+03]\n",
      " [0.00000000e+00 1.01431489e+04 1.68875121e+03]\n",
      " [0.00000000e+00 0.00000000e+00 1.00000000e+00]]\n",
      "\n",
      "畸变系数 (Distortion Coefficients):\n",
      " [[ 0.05582991  0.54175911 -0.0044996  -0.01103832  0.          0.\n",
      "   0.         -0.26062987  0.          0.          0.          0.\n",
      "   0.          0.        ]]\n"
     ]
    }
   ],
   "source": [
    "criteria = (cv2.TERM_CRITERIA_EPS + cv2.TERM_CRITERIA_MAX_ITER, 100,\n",
    "            0.0001)\n",
    "\n",
    "\n",
    "\n",
    "camera_matrix, distortion_coeffs = cam_calib(\n",
    "    w=9,\n",
    "    h=11,\n",
    "    square_size=45,\n",
    "    criteria=criteria,\n",
    "    path='D:\\\\labAAA\\\\printingLight\\\\process\\\\camera_set\\\\test250313\\\\chessboard4calib',\n",
    "    outpath='D:\\\\labAAA\\\\printingLight\\\\process\\\\camera_set\\\\test250313\\\\chessboard_corner')"
   ]
  },
  {
   "cell_type": "code",
   "execution_count": 90,
   "metadata": {},
   "outputs": [
    {
     "name": "stdout",
     "output_type": "stream",
     "text": [
      "Rotation Matrix:\n",
      " [[-0.9999224   0.00185221  0.01231901]\n",
      " [-0.00163057 -0.99983706  0.01797746]\n",
      " [ 0.0123503   0.01795598  0.9997625 ]]\n",
      "Translation Vector:\n",
      " [[ 6.77065153e+01]\n",
      " [-1.39758726e+00]\n",
      " [ 1.61630617e+03]]\n",
      "Rotation Matrix:\n",
      " [[-9.99664868e-01 -6.88463591e-04  2.58781205e-02]\n",
      " [ 2.04840610e-03 -9.98615555e-01  5.25621310e-02]\n",
      " [ 2.58061066e-02  5.25975246e-02  9.98282297e-01]]\n",
      "Translation Vector:\n",
      " [[ -34.53118191]\n",
      " [  51.19231284]\n",
      " [1649.43707534]]\n",
      "Rotation Matrix:\n",
      " [[-9.99714561e-01 -6.03301237e-05  2.38912666e-02]\n",
      " [ 1.41669834e-03 -9.98386864e-01  5.67597013e-02]\n",
      " [ 2.38493024e-02  5.67773466e-02  9.98101971e-01]]\n",
      "Translation Vector:\n",
      " [[ -34.87146313]\n",
      " [  49.97867041]\n",
      " [1649.94222025]]\n",
      "Rotation Matrix:\n",
      " [[-0.99936823  0.00347357  0.03537062]\n",
      " [-0.00153645 -0.99850456  0.05464698]\n",
      " [ 0.03550754  0.05455811  0.99787906]]\n",
      "Translation Vector:\n",
      " [[ -35.06829525]\n",
      " [  48.34961019]\n",
      " [1641.49467631]]\n",
      "Rotation Matrix:\n",
      " [[-0.99943565  0.00361756  0.0333959 ]\n",
      " [-0.00165529 -0.9982802   0.05859958]\n",
      " [ 0.03355046  0.05851123  0.99772281]]\n",
      "Translation Vector:\n",
      " [[ -35.92788383]\n",
      " [  47.28643697]\n",
      " [1639.94160893]]\n",
      "Rotation Matrix:\n",
      " [[-0.99932383  0.0062221   0.03623768]\n",
      " [-0.00401762 -0.99815454  0.0605918 ]\n",
      " [ 0.03654781  0.06040524  0.99750462]]\n",
      "Translation Vector:\n",
      " [[  13.85967355]\n",
      " [  -3.9005628 ]\n",
      " [1637.27985178]]\n",
      "Rotation Matrix:\n",
      " [[-0.99905833  0.00788496  0.04266481]\n",
      " [-0.00512523 -0.9979103   0.06441091]\n",
      " [ 0.04308353  0.06413159  0.99701101]]\n",
      "Translation Vector:\n",
      " [[ -36.96876716]\n",
      " [ -53.32168467]\n",
      " [1642.71847822]]\n",
      "Rotation Matrix:\n",
      " [[-0.99909825  0.00586124  0.04205164]\n",
      " [-0.0034597  -0.99837068  0.0569563 ]\n",
      " [ 0.04231696  0.05675946  0.99749067]]\n",
      "Translation Vector:\n",
      " [[ -36.02677266]\n",
      " [ -52.13993393]\n",
      " [1642.39138736]]\n",
      "Rotation Matrix:\n",
      " [[-0.99926731  0.00524714  0.03791198]\n",
      " [-0.00305312 -0.99832934  0.05769926]\n",
      " [ 0.03815139  0.05754123  0.99761389]]\n",
      "Translation Vector:\n",
      " [[ -35.63997667]\n",
      " [ -50.94247843]\n",
      " [1648.5803755 ]]\n",
      "Rotation Matrix:\n",
      " [[-9.99674673e-01 -5.03351766e-04  2.55008926e-02]\n",
      " [ 2.01868830e-03 -9.98230312e-01  5.94320596e-02]\n",
      " [ 2.54258488e-02  5.94642031e-02  9.97906576e-01]]\n",
      "Translation Vector:\n",
      " [[ -36.85074235]\n",
      " [ -49.5721946 ]\n",
      " [1658.47943637]]\n",
      "Rotation Matrix:\n",
      " [[-0.99545215 -0.03522688 -0.08851031]\n",
      " [ 0.03776232 -0.99891824 -0.02713591]\n",
      " [-0.08745865 -0.03035485  0.99570556]]\n",
      "Translation Vector:\n",
      " [[ 165.27970143]\n",
      " [  -4.16217943]\n",
      " [1669.58625387]]\n",
      "Rotation Matrix:\n",
      " [[-0.47464337 -0.10746423 -0.87359322]\n",
      " [ 0.48358669 -0.86113523 -0.1568121 ]\n",
      " [-0.7354302  -0.49688788  0.4607004 ]]\n",
      "Translation Vector:\n",
      " [[  84.15937857]\n",
      " [ -39.41556174]\n",
      " [1251.0084008 ]]\n",
      "Rotation Matrix:\n",
      " [[-0.74309258  0.52433773  0.41579246]\n",
      " [ 0.10589164 -0.52137617  0.84673128]\n",
      " [ 0.66075743  0.67322867  0.33190778]]\n",
      "Translation Vector:\n",
      " [[ 79.75498888]\n",
      " [ 14.27135623]\n",
      " [637.07230858]]\n",
      "Rotation Matrix:\n",
      " [[-0.99973745 -0.00580018 -0.0221673 ]\n",
      " [ 0.00517262 -0.99958712  0.02826359]\n",
      " [-0.02232208  0.02814151  0.99935468]]\n",
      "Translation Vector:\n",
      " [[ 166.81393257]\n",
      " [  -4.40977043]\n",
      " [1634.01895599]]\n",
      "Rotation Matrix:\n",
      " [[-9.99707076e-01  1.53268511e-03  2.41539397e-02]\n",
      " [-7.89838195e-05 -9.98194091e-01  6.00712164e-02]\n",
      " [ 2.42023901e-02  6.00517123e-02  9.97901817e-01]]\n",
      "Translation Vector:\n",
      " [[ 165.2844897 ]\n",
      " [  -4.0041938 ]\n",
      " [1635.28770969]]\n",
      "Rotation Matrix:\n",
      " [[-9.99649331e-01  2.41890819e-03  2.63697672e-02]\n",
      " [-9.39004560e-04 -9.98430900e-01  5.59897778e-02]\n",
      " [ 2.64638245e-02  5.59453826e-02  9.98083053e-01]]\n",
      "Translation Vector:\n",
      " [[ 165.7150502 ]\n",
      " [  -2.79162417]\n",
      " [1636.59971168]]\n",
      "Rotation Matrix:\n",
      " [[-9.99747607e-01  3.79183852e-04  2.24628333e-02]\n",
      " [ 8.51707239e-04 -9.98499079e-01  5.47618808e-02]\n",
      " [ 2.24498832e-02  5.47671910e-02  9.98246742e-01]]\n",
      "Translation Vector:\n",
      " [[ 166.11863057]\n",
      " [  -1.69105915]\n",
      " [1641.60816157]]\n",
      "Rotation Matrix:\n",
      " [[-9.99735564e-01 -3.85641834e-04  2.29924707e-02]\n",
      " [ 1.63078943e-03 -9.98530913e-01  5.41604644e-02]\n",
      " [ 2.29378063e-02  5.41836383e-02  9.98267494e-01]]\n",
      "Translation Vector:\n",
      " [[ 1.66427324e+02]\n",
      " [-5.95797351e-01]\n",
      " [ 1.64492648e+03]]\n",
      "Rotation Matrix:\n",
      " [[-0.99972287 -0.00133397  0.02350338]\n",
      " [ 0.00245133 -0.99886463  0.0475756 ]\n",
      " [ 0.02341323  0.04762003  0.99859108]]\n",
      "Translation Vector:\n",
      " [[1.66592833e+02]\n",
      " [1.95282556e-01]\n",
      " [1.64351850e+03]]\n"
     ]
    }
   ],
   "source": [
    "translation_vec = np.array([22.054, -4.485, -48.792])\n",
    "ref = [-170, -1800, 1500, 58, 0, 90]  #tcp在world里的位置\n",
    "corner = np.array([[-90, 90, 0], [90, 90, 0], [90, -90, 0], [-90, -90, 0]],\n",
    "                  dtype=np.float64) + translation_vec\n",
    "rvec_list = []\n",
    "tvec_list = []\n",
    "\n",
    "T_ref = kuka_to_transformation(ref)\n",
    "for i in range(len(pixel_object_pair)):\n",
    "    id = pixel_object_pair[i].id\n",
    "    pose = pose_list[id]\n",
    "    T_pose = kuka_to_transformation(pose)\n",
    "    world_coordinates = object_points_calculate(T_ref, T_pose, corner)\n",
    "    pixel_object_pair[i].world_coordinates = world_coordinates\n",
    "    # print(pixel_object_pair[i])\n",
    "\n",
    "    rvec, tvec = cam_solve(\n",
    "        object_points=np.array(world_coordinates,dtype=np.float64).reshape(-1, 1, 3),\n",
    "        image_points=np.array(pixel_object_pair[i].pixel_corners,dtype=np.float64).reshape(-1, 2),\n",
    "        camera_matrix=camera_matrix,\n",
    "        distortion_coeffs=distortion_coeffs)\n",
    "    # 计算旋转矩阵\n",
    "    rotation_matrix, _ = cv2.Rodrigues(rvec)\n",
    "    print(\"Rotation Matrix:\\n\", rotation_matrix)\n",
    "    print(\"Translation Vector:\\n\", tvec)\n",
    "    # rvec_list.append(rvec)\n",
    "    # tvec_list.append(tvec)\n",
    "\n",
    "\n",
    "# print(tvec_list)\n"
   ]
  }
 ],
 "metadata": {
  "kernelspec": {
   "display_name": "base",
   "language": "python",
   "name": "python3"
  },
  "language_info": {
   "codemirror_mode": {
    "name": "ipython",
    "version": 3
   },
   "file_extension": ".py",
   "mimetype": "text/x-python",
   "name": "python",
   "nbconvert_exporter": "python",
   "pygments_lexer": "ipython3",
   "version": "3.9.19"
  }
 },
 "nbformat": 4,
 "nbformat_minor": 2
}
